"leafN.mg.g"	"height.m"	"rootN.mg.g"	"SLA_m2.kg"	"root.depth_m"	"rootDiam.mm"	"SRL.groot.cahill.merge"	"RTD.groot.cahill.merge"	"RMF.g.g"
-0.1531	-0.4885	0.1418	-0.6546	-0.2379	-0.6124	-2.5668	1.0193	0.2681
-0.5161	-0.6702	-0.1428	0.9761	-0.783	1.362	0.2221	0.1039	0.9091
-0.5174	-0.6806	-0.143	0.9642	-0.7943	1.4314	0.2248	0.1032	0.9159
-0.518	-0.6792	-0.1433	0.9806	-0.7972	1.4344	0.216	0.1087	0.9076
-0.5163	-0.6553	-0.1439	0.9725	-0.7871	1.4316	0.2113	0.111	0.912
-0.5105	-0.6714	-0.1391	0.979	-0.7872	1.364	0.2208	0.098	0.9122
-0.521	-0.6735	-0.1454	0.9185	-0.7981	1.437	0.2133	0.1026	0.9148
-0.4602	-0.6699	-0.1463	0.9679	-0.7896	1.4321	0.2223	0.101	0.9053
-0.4896	-0.6757	-0.1503	0.9722	-0.7966	1.4427	0.2186	0.1073	0.9168
-0.5156	-0.7033	-0.1479	0.9688	-0.7991	1.4413	0.221	0.102	0.9134
-0.5265	-0.6826	-0.1372	0.9797	-0.7175	1.4316	0.2205	0.1026	0.906
0.706	-1.285	0.7933	-0.0041	0.4725	0.6976	-0.013	-0.8225	0.7228
0.957	-1.5228	0.7043	0.3261	0.4913	0.6057	0.0228	-1.375	0.7516
0.9525	-1.5114	0.6478	0.3293	0.5243	0.6167	0.0143	-1.5129	0.7011
-0.1971	-0.1441	0.1928	-0.0093	0.0691	0.4736	-0.0363	-0.3129	-0.0741
-0.7027	-3.3946	-0.7233	0.2101	0.1759	1.2448	-0.3691	0.0323	0.3899
-0.7339	-3.3866	-0.6946	0.1984	0.216	1.2398	-0.4059	0.0539	0.4219
-0.226	0.0085	0.3885	0.0994	-1.122	0.2374	-0.4857	-0.0833	0.5219
0.091	0.0302	0.0057	1.0738	-0.5358	-1.2938	-0.2147	-0.0243	-0.3457
0.7574	0.3795	-0.0606	1.7256	-0.3157	-1.5668	0.413	-0.3361	0.2123
-0.4752	1.353	0.0695	0.6789	-0.1645	-1.2589	-0.3236	-0.1027	-0.042
0.4584	-0.2476	-0.3386	0.4252	-0.3248	-0.8726	-0.4244	0.1895	-0.1372
-0.4307	-2.4016	-0.8247	0.4129	-0.3077	-0.355	-0.7718	0.4795	0.1944
1.096	-0.0358	0.035	-0.1194	-0.3132	-0.7263	0.2627	0.0339	-0.1768
1.0825	-0.0342	0.0187	-0.1239	-0.3181	-0.7298	0.2697	0.0268	-0.1905
1.0804	-0.0144	0.0204	-0.1172	-0.3153	-0.7293	0.2761	0.0331	-0.2126
1.0713	0.3633	-0.9333	-0.1569	-0.3183	-1.995	-2.0446	0.296	-0.2025
1.0691	0.3737	-1.0645	-0.1636	-0.3088	-1.9905	-2.0445	0.2887	-0.2077
0.3039	0.0334	-0.4693	0.6644	-2.1118	0	2.0543	-0.5106	-1.9786
-0.1281	-1.6067	-0.0687	0.2536	-0.243	-0.197	-2.5097	0.9742	0.4555
-1.453	-1.0533	-1.6704	1.0113	1.9324	1.6767	-0.2769	0.653	-3.0908
5.1927	-2.2568	-2.9556	2.9617	-0.0884	5.7293	-2.1397	-2.7107	-1.5576
-0.1282	0.104	-2.216	-1.5274	-1.123	2.6088	2.0822	-7.1652	-9.683
0.0909	0.7419	-1.9196	-0.1575	0.6604	2.5706	2.1527	-7.5991	-9.5483
0.4257	0.0756	0.0727	-0.6465	1.1228	-0.1614	-0.6841	0.7172	-1.4622
0.3132	0.7282	0.834	0.7511	0.9602	0.024	0.4877	-1.095	0.8817
0.3188	-0.2561	0.8249	0.2833	0.6063	0.2041	0.3602	-1.2674	0.1872
1.8956	0.4002	0.3653	-3.7955	1.0592	0.3554	-0.5531	-0.5907	-0.0992
1.637	0.4184	0.3381	-3.7771	1.169	0.4181	-0.5609	-0.6267	-0.0505
0.6378	0.2867	0.5632	-0.0279	1.0598	0.5614	-0.2356	-1.3221	0.039
0.6416	0.2831	0.5629	-0.0272	1.0692	0.5588	-0.2316	-1.2741	0.0527
0.7943	0.7308	0.6866	-1.2472	0.7203	0.3236	-0.016	-1.1651	-0.0605
0.18	0.5275	1.8037	-0.5732	0.2844	-0.8622	-2.642	1.5593	-0.3816
0.1678	0.5318	1.8103	-0.5568	0.292	-0.7581	-2.6484	1.561	-0.3798
0.3599	-0.5056	1.0375	0.8468	-0.2758	1.4852	-0.1979	1.2073	0.6408
-0.5968	-0.9452	0.7403	1.2604	0.2843	1.2735	-0.4287	0.5162	0.462
-0.5926	-0.9427	0.7414	1.2685	0.2805	1.265	-0.4251	0.5114	0.4576
-0.5948	-0.9383	0.7375	1.2693	0.2763	1.2484	-0.4218	0.5128	0.4673
-0.5971	-0.9415	0.6812	1.2697	0.2797	1.3681	-0.4243	0.502	0.4695
-0.5994	-0.936	0.7335	1.1931	0.2854	1.35	-0.428	0.5094	0.4618
-0.0927	-3.9745	0.4757	0.3026	-1.4743	1.9404	0.4945	1.4842	0.9634
-0.1056	-3.9866	0.4674	0.3521	-1.6284	1.9927	0.5098	1.4796	0.9286
-0.12	0.111	0.8822	-0.3175	-0.2039	0.1992	-2.0577	1.8099	0.0224
0.0235	1.1709	-0.2345	0.925	-1.0981	-1.8242	1.29	-0.7757	0.8237
0.0204	1.156	-0.2395	0.8587	-1.1064	-1.8287	1.2848	-0.7684	0.8194
0.0517	1.1617	-0.2499	0.9277	-1.1015	-1.8212	1.2925	-0.7744	0.8203
0.0167	1.1708	-0.2369	0.9246	-1.1052	-1.8066	1.2868	-0.7627	0.8146
0.015	1.165	-0.2399	0.931	-1.1141	-1.8196	1.2882	-0.7739	0.8132
1.0695	0.0132	1.2541	-0.0333	1.6951	-1.3637	0.4715	-1.798	-0.4324
-0.185	1.1635	-0.2021	0.0781	-0.2216	-0.2313	0.186	-0.0047	-0.3382
-0.0774	-2.591	1.9586	-2.0478	0.782	-0.3416	7.4467	-1.0481	2.2075
-0.3692	0.0278	0.6092	0.4909	-0.7588	-0.7454	1.8642	-1.5234	-2.0127
-0.7971	0.0095	-1.2017	-1.3105	0.5534	1.103	-1.3056	0.6632	-0.0979
-2.1106	1.0421	-1.9072	-2.3123	0.7328	1.082	-1.6377	0.6289	0.0139
0.376	0.1755	-1.0603	-0.7283	0.3737	1.0364	-0.9215	0.4125	-0.3379
-0.7555	-1.3737	-0.587	1.2801	1.3966	1.3684	-1.2197	0.7262	-0.0721
-0.7575	-1.3686	-0.6271	1.2765	1.3777	1.3702	-1.2158	0.7339	-0.1785
-0.3258	1.6202	-0.7335	-0.2836	-1.1217	0.6334	-0.5148	0.1948	-0.5696
-0.7698	0.1004	0.008	-0.6166	-0.5307	-0.6246	-2.0415	-0.099	9.6916
0.5858	0.5962	-0.0683	0.9329	-0.0388	8e-04	0.7049	-0.353	1.0884
0.8193	0.9343	-0.0301	0.4419	1.3149	0.512	-0.548	-0.3379	0.8454
-0.1072	-0.7567	0.379	0.7831	-0.7823	1.3023	-1.9983	0.0704	-1.2854
-0.1268	-0.7625	0.3714	0.7853	-0.7942	1.2836	-1.9893	0.1361	-1.2736
-0.1218	-0.7545	0.3767	0.7852	-0.7867	1.2926	-1.804	0.0497	-1.2794
-0.1185	-0.754	0.3754	0.7857	-0.7932	1.2936	-1.7967	0.0581	-1.2766
-0.1263	-0.7563	0.3802	0.7904	-0.7878	1.3046	-1.9819	0.064	-1.1704
1.9378	1.8485	1.0409	0.2962	-0.1764	-0.4988	1.0441	-0.6002	-0.131
0.6266	0.5524	1.2293	0.6276	0.0257	0.7725	-0.9052	0.1736	0.5831
1.0079	0.5532	1.1088	-0.8965	0.0562	0.2188	-0.7833	0.3551	0.7038
-0.7457	0.0055	0.2847	0.8063	0.9896	-0.6807	-0.2298	0.1671	1.2361
-0.7454	0.0038	0.2862	0.7183	0.9855	-0.6494	-0.2545	0.2088	1.1941
-1.3511	-0.0858	0.2579	0.2481	0.8129	-0.6029	-0.3804	0.304	1.3143
1.1957	0.1115	1.0903	0.0278	-1.3042	-0.0392	0.1455	-0.3921	-0.699
1.2064	0.0604	1.0677	0.0298	-1.2991	-0.065	0.1355	-0.436	-0.6914
-0.3366	0.9616	-0.3968	-0.953	0.0178	-0.0078	-0.2512	0.3252	-0.0234
-0.3561	0.4964	-0.4487	-0.9487	0.0142	0.0475	-0.2347	0.3341	-0.0277
-0.4346	0.3663	-0.6515	0.6231	0.258	1.3664	0.4008	-1.4689	0.4578
-0.4402	0.3644	-0.6578	0.5597	0.2601	1.4503	0.3636	-1.4656	0.468
-0.4302	0.3661	-0.6383	0.6348	0.2591	1.352	0.3961	-1.461	0.4584
-0.3948	0.3634	-0.6238	0.6298	0.262	1.4499	0.3303	-1.4613	0.4633
-0.3517	0.5142	-0.3139	-0.0629	0.7454	0.0254	-0.1191	0.1672	0.1931
-1.4478	-1.456	-0.9283	-0.0157	-0.1492	0.433	-0.318	0.5179	0.263
0.3747	-0.1429	-0.0157	-0.4623	1.0611	-0.3971	-0.6361	0.6964	-1.3156
-0.2424	-0.1182	0.1921	0.0324	0.13	0.4538	-0.0468	-0.3231	0.1274
-0.3709	0.1963	-0.3861	0.0256	-0.1375	0.0153	-0.0528	0.1492	0.0168
-0.6023	-2.25	-0.4115	1.1882	-0.3407	-0.3212	0.0847	1.0415	0.457
-0.4967	-0.1445	0.6472	1.3268	-0.3287	1.0751	0.1467	0.6585	-0.0214
-0.4939	-0.1551	0.641	1.1908	-0.3306	1.0684	0.1519	0.6556	-0.0342
-0.5643	-0.8402	-0.7969	1.1745	-1.2745	0.9823	-1.253	1.109	-0.4603
-0.5677	-0.8424	-0.8002	1.1802	-1.2673	1.0024	-1.2453	1.1096	-0.4993
-0.5684	-0.8487	-0.7937	1.1889	-1.2718	1.0108	-1.2436	1.1089	-0.4771
-0.5274	-0.8323	-0.7945	1.1764	-1.2632	0.998	-1.2376	1.1021	-0.4576
-0.2924	-1.1843	-0.7877	1.0373	0.1688	0.6124	0.8026	-1.3883	-0.2005
-0.2842	-1.1821	-0.8361	1.0407	0.2513	0.6507	0.7631	-1.3976	-0.1477
-0.2751	0.7464	-0.4441	0.4676	-1.6198	-0.6378	0.792	0.5533	0.3452
-0.2742	0.7449	-0.4391	0.4627	-1.6196	-0.6315	0.7399	0.5614	0.4093
-0.3451	-1.4136	-0.0646	0.0955	0.1267	0.6677	-0.1379	-0.2117	0.1633
-1.69	-0.1559	-1.599	2.5636	-0.5306	0.974	1.0616	-1.7864	0.2664
-1.6901	-0.1762	-1.5821	2.5628	-0.5284	0.9675	1.0634	-1.7463	0.2657
-0.1587	0.3573	-2.5346	0.2847	0.305	-1.0655	1.113	-0.1186	0.4756
-0.1683	0.4511	-2.5298	0.2889	0.3156	-1.073	1.1119	-0.2418	0.4828
-0.1654	0.4567	-2.5168	0.2943	0.2158	-1.0704	1.1125	-0.1327	0.4765
-0.399	0.982	-1.5414	1.5437	-0.0876	-0.1929	2.1508	-4.4728	0.3619
0.5824	-0.5449	-0.9918	0.3562	-0.7883	0.4847	0.0448	-0.5198	0.3787
1.6362	1.4045	-1.0593	1.2386	-0.3176	-0.0801	0.3276	-0.8019	-0.9051
1.6427	1.4076	-1.0575	1.0453	-0.3104	-0.08	0.3296	-0.7808	-0.8979
0.8521	1.0119	-0.217	1.4608	0.452	0.0715	0.8327	-1.5674	0.9691
0.8489	0.8666	-0.3262	1.4612	0.4811	0.1399	0.6526	-1.5679	0.9604
-0.1841	1.0755	-0.4136	0.1916	0.9455	-0.2663	0.5123	-0.2878	0.5354
-0.155	1.0774	-0.4053	0.1911	0.9457	-0.2642	0.5121	-0.2897	0.5316
0.5629	1.0328	0.157	0.7827	-0.5319	-0.7931	1.5863	-0.5053	-0.0069
0.5737	1.033	0.1588	0.7691	-0.5287	-0.5567	1.5881	-0.5075	-0.005
0.5662	1.0316	0.1662	0.7729	-0.5287	-0.7953	1.5953	-0.5111	0.0316
0.3191	-0.7372	-0.5717	0.5383	-0.287	1.2977	-1.136	0.722	0.9359
0.0875	0.0042	-0.5472	1.4788	1.5408	0.8938	0.0767	-0.3779	0.3954
0.0782	-0.003	-0.539	1.4869	1.5456	0.8231	0.0768	-0.3378	0.4307
0.0839	-0.0047	-0.5476	1.4789	1.5455	0.9	-0.004	-0.3486	0.395
0.8594	0.3918	-0.4867	0.0929	-0.7751	0.1616	0.4373	-0.0654	-0.0732
0.8557	0.3795	-0.5186	0.0351	-0.3931	0.2435	0.2842	-0.082	-0.0166
0.8593	0.3953	-0.4975	0.0371	-0.3908	0.2148	0.3247	-0.0494	0.0087
0.8637	0.3939	-0.52	0.099	-0.7635	0.1769	0.4115	-0.0484	-0.0983
0.7844	0.9764	-0.1449	1.1499	1.5396	0.2103	0.308	-0.3659	0.5412
0.7806	0.97	-0.1129	1.0634	1.546	0.1857	0.2868	-0.278	0.5717
0.4729	-0.3014	-0.3681	1.7167	0.9537	0.9951	-0.4723	1.2294	0.2348
0.4657	-0.3099	-0.3742	1.7108	0.9554	0.9903	-0.4797	1.2302	0.2192
0.4637	-0.3042	-0.372	1.7102	0.955	0.9956	-0.5504	1.2343	0.2239
1.7539	0.4048	-3.9432	2.2563	-7.2852	-3.424	4.4196	-1.8701	8.8341
-0.0644	1.8194	-0.5547	-0.2226	0.3744	0.1162	-0.4596	0.0046	-1.6
-0.984	0.1708	-0.9563	-1.0053	0.2869	0.6995	-1.0032	-0.1158	-0.0665
0.2356	-0.0326	-1.742	0.5165	-5.2468	-0.4434	0.9267	-2.3096	1.5772
0.098	-2.7797	-2.4599	0.7018	-5.3742	-0.1031	0.8189	-2.1996	1.889
-0.2941	-1.1559	0.0283	-0.064	0.0466	0.7741	-0.1698	-0.2457	0.2302
-0.3208	-1.1621	0.0363	-0.06	0.0236	0.7513	-0.1559	-0.1928	0.2371
-0.2221	-0.5801	0.0955	-0.2958	0.1465	0.6281	-0.0709	-0.297	0.1428
-0.1982	0.1928	0.3235	-0.054	0.0836	0.4349	0.0447	-0.4239	0.0232
-1.0476	-0.4318	0.8813	-0.8264	-0.5294	4.6601	3.0366	-3.7332	-2.1024
0.0839	0.544	0.1923	0.0219	1.2002	-3.929	-2.1989	-0.1899	1.8077
0.3311	-0.2913	0.1429	-1.2253	-0.5324	-0.8781	0.1057	0.5645	-1.2394
-1.7878	1.5444	0.1324	0.0412	1.753	0.6876	0.1326	-2.5767	-0.2962
-1.6714	1.8972	0.267	0.5386	1.5423	0.6187	0.3138	-2.7264	-0.3224
-1.9101	1.6252	0.1303	-0.7374	1.6016	0.6658	0.0313	-2.438	-0.2566
-2.2236	0.9236	0.0443	1.3996	1.388	0.9271	0.3834	-2.837	-0.3802
-2.225	0.9196	0.0268	1.409	1.4217	0.9399	0.5007	-3.0245	-0.2929
-2.224	0.9743	0.0612	1.4136	1.4072	0.9234	0.4757	-3.0314	-0.389
-0.4232	-2.2605	-1.164	-0.2202	0.0086	-0.18	-0.6142	0.7918	0.0218
-0.1423	0.3439	-0.7944	-0.6187	1.4077	-0.2302	-0.7764	0.3344	-1.4497
-0.1516	0.355	-0.7741	-0.5835	1.6154	-0.2115	-0.7931	0.354	-1.4504
-0.4409	-1.9988	-1.1578	-0.4486	0.0214	-0.1773	-0.6439	0.8594	0.1125
-0.0814	-0.1199	-0.5423	0.2554	-0.0792	-0.6557	-0.1426	0.3598	-0.1376
-0.2885	-0.2735	-0.4138	0.1335	-0.8133	-2.1349	0.1398	0.7214	0.1596
-0.2916	-0.2659	-0.3539	0.1355	-0.8079	-2.4077	0.2041	0.7477	0.2076
-0.3731	-0.6577	-0.8787	-1.1861	0.5629	-0.4421	-0.667	0.7606	0.0579
-0.3302	0.194	-0.5463	-0.2924	-0.7046	-0.7743	-0.0872	0.4887	-0.1841
-0.3263	0.181	-0.549	-0.2651	-0.7866	-0.7934	-0.1059	0.4922	-0.2101
-0.5684	0.1266	-0.4614	-1.0391	-0.5216	-0.9726	0.1437	1.3537	-0.0721
-0.5683	0.1973	-0.4136	-1.0374	-0.5282	-0.9692	0.054	1.3547	-0.0666
-0.426	0.3158	-0.7846	-0.4858	0.8491	0.2828	0.8308	-0.3233	1.0588
-0.4301	0.3036	-1.0366	-0.4898	0.7967	0.2854	0.8286	-0.3282	1.0545
-0.3017	-1.2523	-0.8402	0.0634	-0.0423	-0.3784	-0.3412	0.5664	-0.027
-0.1051	-0.3273	-0.5959	0.3904	-0.1537	-0.5638	-0.1807	0.4114	-0.155
-0.0917	-0.3122	-0.5893	0.393	-0.144	-0.566	-0.1498	0.3769	-0.103
-0.1454	-0.2769	-0.7576	-0.7196	0.0573	-0.5468	-0.3949	0.6109	-0.0544
-0.6717	-0.3665	-0.6988	-0.0522	0.0353	-0.5163	-0.4026	0.4855	-0.0601
0.3482	0.3687	-0.5597	0.1765	0.4055	-0.4807	-2.2571	0.998	-0.1398
0.4414	0.3414	-0.5553	0.1807	0.3951	-0.4731	-2.2547	0.9673	-0.142
-0.2182	-0.3407	-0.7084	-0.256	0.0415	-0.5703	-0.2998	0.5367	-0.074
0.7883	-0.1228	-0.6205	0.018	-0.031	-0.6878	-0.102	0.3034	-0.3422
-0.614	0.3562	0.5699	0.3536	0.9123	-0.4504	1.2226	-1.2123	0.5314
-2.8743	-0.5121	-0.1797	-1.2636	0.3594	0.7041	-0.7396	0.1006	0.5322
0.272	0.8301	0.2732	-0.5104	0.2842	0.0376	0.1462	-0.377	0.4655
0.5221	1.233	0.3641	0.4496	-1.0964	0.0432	0.2332	-0.549	0.532
0.5133	1.2402	0.3617	0.4463	-1.103	0.0474	0.232	-0.5474	0.5376
0.5113	1.2338	0.3484	0.4587	-1.0991	0.0359	0.2286	-0.5614	0.5237
0.2454	1.4517	0.3941	-1.2674	0.3171	-0.1075	0.4395	-0.4596	0.5235
0.2236	0.8686	0.256	-0.0854	2.3955	0.2162	-0.2656	-0.4811	0.8388
0.2323	0.916	0.2907	-0.0848	2.3962	0.2296	-0.2957	-0.4329	0.8656
-2.858	-1.0128	0.1932	1.7146	-1.3224	-11.9007	-15.8953	1.0713	13.8679
-0.2566	-0.1245	0.0829	-0.0366	0.1969	0.4558	-0.0395	-0.3817	0.0723
-0.0741	-1.6861	2.2123	-2.0724	0.8355	-0.581	7.5322	-1.2401	2.0173
0.0079	-1.8028	2.1449	-2.293	0.8334	-0.5304	7.5499	-1.2387	2.0577
-0.0828	-0.1764	0.279	1.375	0.1195	0.4707	0.3347	-0.6729	-0.1643
-0.1144	-0.2304	0.286	1.2553	0.1186	0.4658	0.2709	-0.6014	-0.1646
1.0581	-0.9399	0.4624	-0.1763	-0.6785	-0.9024	-0.7127	1.3017	-2.173
1.0697	-0.9456	0.4551	-0.1846	-0.7187	-0.9072	-0.7128	1.2974	-2.1601
1.0609	-0.942	0.4561	-0.1864	-0.7001	-0.9074	-0.6937	1.2959	-2.165
1.0667	-0.947	0.4513	-0.1802	-0.6978	-0.9056	-0.6754	1.2908	-2.1633
1.0635	-0.9405	0.4573	-0.1837	-0.7042	-0.9067	-0.7123	1.2615	-2.1553
1.0626	-0.9487	0.4592	-0.1792	-0.7049	-0.8405	-0.7218	1.2994	-2.1702
1.063	-0.9448	0.4501	-0.1866	-0.7023	-0.9139	-0.6917	1.2908	-2.1646
1.0673	-0.9459	0.4555	-0.1714	-0.6946	-0.9145	-0.7108	1.2925	-2.1617
0.5219	-0.2916	-0.0902	0.8327	-0.8455	-0.2085	-0.025	-0.5468	-2.3233
0.3279	-0.1434	0.0971	0.4733	-1.5057	-0.6238	1.2155	-2.6955	-1.1916
0.2888	-1.1931	0.0369	0.1885	-0.4292	0.4166	-0.4704	0.5445	0.6404
-1.4968	-0.1982	0.1086	-0.1136	0.3597	0.6338	-0.1669	-0.3352	0.2413
0.2882	-1.3523	-0.9417	0.4065	1.396	0.0823	-0.1771	-0.1154	0.3336
0.3086	1.1014	1.4693	0.4913	-0.1388	-0.1281	0.0474	-0.2745	-0.4202
1.5961	-0.0457	-4.0237	2.4045	-7.3418	-3.4812	4.3702	-1.821	8.7688
0.7054	0.3071	-0.0784	-0.3517	1.2106	-0.5664	-0.5461	0.7458	-1.7097
-0.6145	0.8869	-0.3821	-0.3313	-0.1294	-0.0299	-0.1445	0.132	-0.084
-0.5997	0.8912	-0.3433	-0.3267	-0.1672	-0.0059	-0.1395	0.1141	-0.1284
-0.6001	0.8894	-0.4048	-0.346	-0.1318	-0.015	-0.1419	0.1379	-0.1565
-0.6073	0.8912	-0.3459	-0.3383	-0.1468	-0.0157	-0.1527	0.1075	-0.0905
-0.5602	0.8923	-0.3503	-0.3209	-0.1767	-0.0321	-0.0985	0.1238	-0.1102
-0.8138	-0.3818	-0.6267	-0.3345	-0.1189	0.198	-0.2719	0.357	0.1021
-0.8231	-0.3209	-0.5965	-0.3538	-0.1301	0.1946	-0.2329	0.3953	0.1119
0.4234	0.5852	0.2718	-0.2195	0.1684	0.2147	0.1192	-0.4537	-0.0673
0.6993	0.5986	0.3092	-0.2216	0.1337	0.1738	0.1544	-0.4597	-0.1302
0.5505	-0.0675	0.227	-0.6782	0.2381	1.3516	-1.3372	-0.3549	-3.8413
0.9322	-0.724	-0.2046	0.2646	1.4767	1.3626	0.2576	0.3176	-0.6996
0.9348	-0.7299	-0.2099	0.2637	1.4765	1.3705	0.1613	0.31	-0.7597
0.9344	-0.7332	-0.2178	0.2685	1.4764	1.339	0.248	0.3159	-0.7557
0.9415	-0.731	-0.217	0.2666	1.4767	1.3697	0.2566	0.3154	-0.703
0.9429	-0.7336	-0.2146	0.2672	1.4759	1.3207	0.2511	0.3159	-0.749
0.5071	-1.2779	-0.1475	-0.1996	1.9412	1.4501	-0.2978	0.4357	1.6385
1.5993	-0.2752	-1.598	1.9077	-5.5359	-0.2193	1.434	-2.5237	1.2284
-0.0784	0.0865	0.4241	1.0941	-0.6975	-0.2257	0.7341	-0.2567	0.0278
-0.0805	0.0884	0.4076	1.0976	-0.7428	-0.2252	0.713	-0.2889	0.0279
0.3014	0.4018	0.6279	-0.5321	0.1533	-4.4895	0.2597	-0.3247	-4.3919
0.2071	-0.3623	0.4647	-0.4782	0.1832	-4.2802	0.16	-0.2927	-4.3237
0.088	-0.2012	0.0321	-1.2477	0.4287	0.0016	-2.4941	0.8064	2.1541
0.0817	-0.2032	0.0412	-1.2396	0.381	0.0076	-2.2884	0.7619	2.1816
1.0036	-1.1977	-21.2315	-3.0774	0.1426	0.8665	0.7887	-11.0039	-6.2886
0.7761	1.2587	0.5505	0.2653	-1.1269	0.1036	0.7295	-1.1113	-0.5432
-0.9743	0.904	1.1652	0.2916	0.3212	0.0535	-0.1013	-0.9539	0.1296
-1.2628	0.8621	1.1615	0.2862	0.2828	0.052	-0.1045	-0.9505	0.1322
-0.7911	0.7725	1.0136	-0.4788	0.337	0.1323	-0.159	-0.7264	0.1277
-0.8787	-1.4998	0.4838	1.6151	-1.4286	0.8646	0.7036	1.4725	1.7561
-0.9433	-1.5618	0.4513	1.6192	-1.47	0.9216	0.6721	1.4984	1.7215
-0.2511	-0.3431	0.1665	0.0645	1.0552	0.4804	0.5053	-0.7779	1.2881
-0.259	-0.4	0.1717	0.0684	1.0554	0.4886	0.5013	-0.7709	1.2908
0.6985	0.5505	0.2387	1.1602	-0.0164	0.2985	1.0827	-1.236	0.8308
-0.4041	-0.0224	0.7182	0.1753	0.5053	0.4573	1.1243	-1.4228	1.2573
0.0024	-0.67	0.0252	-0.0692	1.6202	0.807	-0.2778	0.5801	0.6058
-0.2105	-2.7398	-3.6337	0.4838	1.8151	2.4511	-0.1989	-0.4687	-3.4995
-0.2258	-2.3797	-3.9065	0.3961	1.8197	2.3078	-0.4604	0.0694	-3.5535
-0.2439	-2.4085	-3.9087	0.3892	1.8497	2.2526	-0.4594	0.0594	-3.5315
-0.2199	-2.3811	-3.9115	0.3792	1.8367	2.2842	-0.5001	0.0897	-3.5475
-1.4603	0.3962	-2.8057	-5.1707	4.8559	-3.4733	0.7701	9.8973	14.3217
-1.5352	0.4005	-2.8028	-5.2025	4.81	-3.5127	0.7887	9.93	14.3702
0.0249	-2.3296	-1.2098	0.4382	1.4395	0.3326	-0.3637	0.0131	0.5062
-0.388	0.2723	-0.4018	0.0743	-0.0457	-0.0083	0.0517	0.1702	-0.039
-0.4467	-0.2102	-1.0503	-0.1993	-0.1328	1.3452	0.6265	-2.9236	-0.3672
-0.4534	-0.2115	-1.0357	-0.1971	-0.1359	1.3768	0.5641	-2.6499	-0.3681
0.3581	0.8439	-0.0436	0.5363	-0.6908	-0.661	1.3373	0.2229	0.6425
-0.0428	-0.2762	-1.427	1.6104	-0.3018	0.4766	-1.1349	-0.3098	0.5579
-0.0399	-0.2727	-1.4339	1.783	-0.3057	0.4878	-1.1274	-0.3057	0.4721
-0.0359	-0.2782	-1.4218	1.7734	-0.3139	0.484	-1.1328	-0.3023	0.5478
0.2644	-6.5497	-9.6384	0.5691	4.4251	3.8328	-12.7047	-4.5985	10.3804
0.4422	-0.0108	0.3214	-1.3965	1.5686	0.3207	-0.8634	-0.0532	-0.1005
-0.4723	0.4056	-0.4561	-1.4011	0.0221	-0.0805	-0.1807	0.5263	0.0931
0.3792	0.6228	0.5272	-0.0573	0.9457	-0.0307	0.949	-1.3259	0.9932
0.397	0.6319	0.5399	-0.0596	0.9427	-0.0275	0.9296	-1.3333	0.9856
-0.1044	0.9218	0.0415	-0.3687	1.3218	-0.7554	0.5308	0.31	0.4461
0.1018	0.4205	-0.4962	-0.0817	-0.7986	-0.5417	0.7362	1.0475	-0.2431
0.1078	0.42	-0.4861	-0.0941	-0.7952	-0.5414	0.735	1.0453	-0.2422
0.1009	0.4146	-0.4872	-0.0794	-0.7901	-0.5395	0.7401	1.0579	-0.2349
0.2347	0.8792	0.8303	0.3299	1.0253	-0.0728	0.4099	-0.978	1.0384
0.2755	0.8674	0.8495	0.3289	1.0146	-0.0959	0.4086	-0.9707	1.0147
0.8148	0.139	1.429	-0.1117	0.1529	-0.1485	0.3892	0.4224	-0.2756
0.5274	0.6593	0.5969	-0.0804	-0.5594	-1.1506	0.4488	0.2526	-1.357
-1.0235	0.0073	-0.3864	0.4556	-0.1279	0.0458	0.0437	0.1285	0.1949
-1.1277	0.0179	-0.4061	0.3698	-0.0698	0.0879	0.0239	0.1141	0.2396
-0.425	0.0149	-0.6155	-0.6485	-0.0119	0.7917	-0.3751	0.2218	-0.1504
0.1716	0.612	5.632	-0.7742	-1.6259	-6.7486	-1.1726	7.6015	-3.5134
0.2169	0.6259	5.6235	-0.7139	-1.6237	-6.754	-1.1936	7.5764	-3.5389
-0.062	2.1277	0.0488	0.0167	0.0349	-0.3999	0.2189	-0.0811	-0.1258
0.2201	0.9297	0.7578	0.3791	1.0448	-0.0854	0.3683	-1.0182	0.8909
0.324	-2.1831	0.478	0.3816	-0.6866	1.6045	0.2533	1.2558	0.8148
-1.4839	-2.2637	11.4854	2.8741	-2.4127	-5.861	6.6411	11.4875	6.6847
-1.6107	-2.8155	11.3454	2.9176	-2.3621	-5.6237	6.5378	11.6087	6.6711
0.37	1.0665	-1.3253	-0.4788	2.1829	1.2225	-1.149	0.7269	-3.4993
0.5638	0.1202	-0.5163	0.32	-0.1071	0.5077	0.1676	-0.0252	-0.195
-0.002	-0.1194	-0.6383	0.0597	-0.31	1.1416	-1.5283	0.9693	-0.4764
0.0038	-0.1247	-0.6382	0.1685	-0.3121	1.062	-1.5231	0.9648	-0.4732
-0.0081	-0.123	-0.6317	0.1653	-0.3276	1.1414	-1.5215	0.9669	-0.4749
1.554	0.201	0.1947	-0.8981	-0.3143	0.3826	-1.1501	1.3058	-0.0421
0.6089	-0.2889	-0.2211	1.0006	-0.1444	0.424	-1.3052	0.0418	0.3826
-0.7918	-0.1501	-0.2856	-0.1211	-0.5335	0.6663	-1.0853	0.8281	0.4307
-0.7886	0.3356	0.0293	-0.2372	-0.3611	0.6218	-0.5379	0.9794	-0.6694
-0.9204	0.3259	0.0226	-0.2213	-0.3265	0.6633	-0.5466	0.8267	-0.6691
-1.0056	0.072	-1.3801	-1.5621	0.0834	0.9244	-0.9412	0.9593	-0.075
-1.0321	0.0709	-1.3976	-1.5085	0.0884	0.9181	-0.9552	0.9297	-0.0907
-1.6105	0.1595	-1.5424	-1.7184	0.0589	1.0851	-1.0262	1.1551	0.0594
-1.6094	0.1623	-1.5366	-1.8803	0.0971	1.0272	-1.025	1.1589	0.085
0.9968	0.2666	0.2802	0.3592	0.0243	1.4204	-0.1225	-1.0458	-3.8348
1.0027	0.0499	0.2143	0.3419	0.0471	1.4258	-0.1166	-1.0044	-3.7875
0.8875	1.0798	0.5003	0.2557	0.1845	1.0682	-0.5248	-0.9394	-3.8066
-0.0998	0.4272	-6.7653	-0.5436	-0.6702	-1.0634	-11.8836	-2.8592	0.641
-0.0877	0.411	-6.7419	-0.5014	-0.6729	-1.0843	-11.8272	-2.9009	0.6685
-1.3959	0.1526	-0.8628	-2.2834	-1.1513	0.0638	-0.3342	0.5781	0.0416
-1.3584	0.1698	-0.886	-2.2837	-1.1262	0.0423	-0.3629	0.5872	0.0363
-1.1426	0.343	-0.5558	-0.607	-1.2494	0.0234	0.0251	0.2717	-0.0558
-1.0981	0.3398	-0.5408	-0.6176	-1.2298	-0.0304	0.0286	0.2818	-0.0424
-1.3661	-0.1995	-0.6654	0.5566	-1.598	0.1091	0.2298	0.145	-0.0509
-1.3712	-0.2253	-0.689	0.5543	-1.4769	0.1745	0.184	0.1266	-0.0552
0.2386	-0.6629	0.5715	-0.0028	-0.4945	-1.0878	0.2697	0.3783	0.0462
0.2237	-0.6407	0.6144	-0.0041	-0.5051	-1.0691	0.2645	0.4454	0.0462
-0.0626	0.0972	-1.2055	1.4502	-0.2304	1.7741	-0.4132	0.7367	-1.2201
-0.9257	1.1867	0.6906	0.565	1.0961	-0.4383	-0.3347	0.7265	-0.0602
-0.4437	-3.0367	-0.3219	0.4703	0.8166	0.359	-0.7488	1.1288	0.2372
-0.0188	0.5634	0.5601	0.3435	0.8971	-0.4362	-0.128	0.514	-0.068
0.4713	0.8011	0.6749	0.3977	0.8485	-0.539	-0.0413	0.459	-0.0929
0.4621	0.8002	0.6618	0.3938	0.8337	-0.5348	-0.0598	0.4458	-0.1398
-0.2157	0.7462	-0.2794	-0.0391	-0.0795	-0.0484	0.1736	0.0476	0.0278
0.549	0.103	-0.5568	0.5139	1.4699	-0.4979	-0.2341	0.3047	0.9372
0.6006	0.1529	-0.5505	0.518	1.4759	-0.4937	-0.2566	0.2613	0.9456
-0.0248	0.2823	-0.8726	-0.8464	-0.3757	1.5456	0.3147	-0.4685	-2.1349
-0.0485	0.3744	-0.8696	-0.8451	-0.3768	1.5458	0.3325	-0.5015	-2.1489
-0.2405	0.5161	-0.4338	-1.0399	-0.0039	1.4708	0.4627	-0.4404	-2.3498
0.7233	-0.0023	1.0827	-0.0644	0.3294	0.1076	-0.2146	-0.2301	-0.276
0.5309	-0.7687	0.187	0.6588	1.1276	-1.258	0.2432	1.1139	0.9085
0.7818	0.1708	0.3654	1.1698	1.5026	-1.6248	0.3391	1.1284	0.8964
0.7716	0.1624	0.3622	1.1685	1.5037	-1.626	0.3413	1.0859	0.8896
0.7729	0.17	0.3665	1.1672	1.3805	-1.6188	0.3436	1.1369	0.8972
0.3931	-0.1406	0.2476	-0.2715	1.3205	-1.4101	0.0945	1.2267	0.9009
1.0139	0.4195	-2.0712	-0.5698	-0.531	-0.4774	1.6988	-0.5461	-8.3869
-0.1177	-1.9985	-0.4865	-0.7166	1.1391	1.0551	-0.4518	0.8832	0.5365
0.8949	-0.1941	-0.0089	0.4799	0.9485	0.7888	-0.1114	0.586	0.4153
0.8938	-0.1928	-0.0549	0.4838	1.0334	0.7736	-0.1006	0.5819	0.4185
-0.499	-0.8567	-0.2367	-0.8457	1.2055	0.8127	-0.4089	0.6734	0.5532
-0.4924	-0.9231	-0.2155	-0.7704	1.2198	0.8499	-0.4103	0.6631	0.5974
-0.4976	-0.9206	-0.1925	-0.7507	1.1763	0.8283	-0.3804	0.6786	0.5197
0.2615	-0.793	-0.0023	0.3051	1.0524	0.7062	-0.0192	0.4647	0.3879
0.1233	-0.7078	0.007	-0.0067	1.6689	0.756	-0.1661	0.5361	0.5101
0.687	-1.1041	0.1784	0.4683	-0.8806	-0.4448	0.5954	0.0801	0.1623
-0.2676	1.1948	0.4755	-0.8167	0.2237	0.1392	-0.044	-0.4613	-0.0509
-0.2948	1.2056	0.4213	-0.8261	0.2155	0.1927	-0.092	-0.4901	-0.0956
-0.4046	-2.5456	-0.5027	0.1289	-0.0895	0.9765	-0.3346	0.0747	0.2407
-0.3553	0.2495	-0.5292	1.0989	1.0375	-0.604	0.3249	0.0925	0.8807
-0.2762	0.2462	0.5018	0.0089	0.7907	-0.6652	0.5198	0.05	0.1474
-0.2793	0.1756	0.195	-0.0217	0.8699	-0.5775	0.4227	0.0212	0.1112
-0.2621	0.2235	0.4885	0.0488	0.7524	-0.6624	0.4927	0.0506	0.0918
0.676	1.3609	0.0046	-0.2658	1.3208	0.301	0.5837	0.097	-0.0422
0.677	1.368	0.0169	-0.123	1.484	0.307	0.5767	0.0949	-0.0432
-1.1441	0.1756	-0.4109	-0.5912	0.7933	-0.7799	-1.4088	1.7469	0.1176
-1.5111	0.0173	-0.6534	-0.9106	-0.1278	-0.5369	0.2945	0.2342	0.033
-1.5213	0.0235	-0.6498	-0.9188	-0.1274	-0.5866	0.2902	0.2724	0.0615
-1.4018	0.0259	-0.6505	-1.0224	-0.1199	-0.597	0.284	0.2245	0.0515
-0.464	0.4458	-0.2898	0.144	-0.5255	-0.7544	0.6648	-0.1219	-0.3325
-0.4587	0.4491	-0.2891	0.1265	-0.5323	-0.7621	0.6557	-0.1091	-0.3394
-0.0972	0.3053	-0.0441	0.6817	2.2273	-0.6623	1.1228	-1.0857	1.1719
-0.0998	0.3075	-0.0376	0.6753	2.2224	-0.6644	1.1236	-1.0798	1.1756
-0.1565	-1.0263	-1.4466	0.112	-0.3991	-1.6588	1.2891	-0.0392	-0.8983
-0.1521	-1.0255	-1.4437	0.1109	-0.3198	-1.6578	1.2486	-0.0269	-0.902
-0.4009	0.0627	-0.3682	-0.1318	0.4234	-0.5978	0.5009	-0.0567	-0.0175
-0.9233	-1.6984	-0.8341	0.007	0.4573	-0.1713	0.2124	0.2481	0.2031
-0.494	-0.8407	0.5098	0.4813	-0.3214	-1.8162	-1.9949	0.8397	1.0139
-0.5138	-0.7328	-1.0188	-1.5717	1.0532	-1.5394	8.6167	-6.0275	-13.5235
0.9877	1.0842	1.0931	1.2903	-1.6084	-1.2727	1.2797	0.3216	-0.5445
0.9908	1.149	1.084	1.2902	-1.6008	-1.2794	1.2834	0.1749	-0.5523
-0.1874	0.3098	0.1407	-0.7414	-1.1232	-0.9835	-0.1117	0.6823	1.7684
-0.1911	0.279	0.1327	-0.7381	-1.1272	-1.0124	-0.1029	0.6877	1.7814
-0.1887	0.3226	0.1246	-0.7376	-1.1214	-1.0111	-0.1075	0.6668	1.7706
-0.1853	0.3181	0.1355	-0.7491	-1.1292	-1.0088	-0.1001	0.6784	1.6279
0.9217	0.8285	0.4429	0.5164	-1.1457	-0.3393	1.4455	-0.8825	0.4905
0.51	0.5724	0.5037	0.6084	-1.0376	-0.9812	0.3718	-0.0951	0.7238
0.1551	0.6932	0.4034	-0.0415	-0.4764	-1.6373	-1.6205	-0.4625	1.2218
0.3176	-1.1227	-0.1084	-0.4087	0.2015	1.8098	-2.4884	-0.3335	-3.7261
0.2864	-1.1275	-0.1407	-0.4026	0.2625	1.8503	-2.4869	-0.4264	-3.7431
-0.1455	-0.391	0.3922	-0.0601	0.4993	-1.6359	0.7863	0.8978	1.3933
-0.055	-0.4013	0.3943	-0.0624	0.4755	-1.6479	0.7802	0.9504	1.3833
0.4334	0.0553	0.2305	0.8067	0.332	-1.2915	1.111	0.7369	-0.8155
0.2157	-0.2316	0.3924	0.6584	0.2293	-1.4651	0.8955	0.7631	0.5688
-1.2203	-0.6683	0.1983	0.1842	-1.6047	-0.6149	-2.1114	0.9453	0.2082
0.0653	-0.3965	1.4898	-1.9075	-0.0924	-0.1353	0.2643	0.6171	-0.0186
0.091	-0.4056	1.5096	-1.9162	-0.0795	-0.0993	0.2756	0.5997	0.019
-0.0334	1.4316	1.422	-0.2716	0.0134	-0.1998	-0.1864	-0.3335	-0.3425
1.5929	1.6841	1.5072	-0.0073	-0.3154	-0.3417	0.2409	-0.4613	-0.6572
0.2519	0.4297	1.8549	0.7496	-0.0819	-0.1695	1.1746	-0.6143	0.2104
-0.4932	-1.9611	-0.2295	0.1802	0.0753	0.8504	-0.1853	-0.0861	0.1561
1.4507	-0.7165	-3.6187	-1.4692	1.9482	2.1031	1.9885	-5.2872	-0.2949
1.4471	-0.8016	-3.641	-1.3388	1.9584	2.0987	2.0695	-5.2878	-0.2963
1.46	-0.8079	-3.6108	-1.3739	1.9454	2.0903	2.0783	-5.33	-0.2856
1.482	-0.813	-3.6187	-1.3168	1.9234	2.1108	2.0803	-5.3424	-0.3199
1.6398	0.4012	-3.3344	-1.2655	1.8704	1.8008	2.3362	-5.5872	-0.487
1.6359	0.3931	-3.3583	-1.2709	1.9099	1.8526	2.296	-5.6458	-0.4766
0.3144	0.5824	-0.3113	0.1081	-0.0221	-0.0858	0.0797	0.07	-0.0243
-1.1554	-0.5668	0.2634	-0.314	-0.4483	-0.7107	-0.0828	0.509	-0.9883
-0.2922	2.6585	1.8234	0.1771	-0.7879	1.8494	0.7095	-1.3596	-1.4955
-1.3435	0.3797	1.3549	-1.3565	-0.5177	0.2125	-0.5677	-0.0409	-0.7734
-0.202	0.952	-0.1595	0.0593	0.9448	-1.0297	0.0274	0.2259	0.9889
-0.5246	1.2322	-0.0306	-0.765	0.7981	-1.245	-0.0847	1.5723	0.6802
-0.5235	1.1099	-7e-04	-0.7599	0.7971	-1.2616	-0.0803	1.7384	0.6983
0.297	1.015	-0.2664	-0.0211	-0.3256	-1.1862	0.7655	-1.0858	1.3322
1.0413	0.0508	7e-04	0.1031	0.01	0.3043	-0.4038	-0.3903	-0.9988
-0.5147	-0.1507	-0.7879	-0.3516	1.4282	0.3165	-0.8039	0.9403	0.4491
-0.5026	-0.1354	-0.7829	-0.3474	1.4329	0.3093	-0.8389	0.943	0.5026
-1.456	-0.3282	-1.3429	-1.2135	-0.1676	-0.4173	-0.8056	1.6372	-0.8055
0.1654	0.8963	-0.283	-0.5393	-0.3203	-0.1804	0.0985	0.1528	-0.0959
0.9142	-0.2225	0.9672	-0.3616	0.9374	0.255	-0.3953	-0.1779	-0.1736
0.8544	-0.2305	0.9401	-0.3594	0.9999	0.2294	-0.3902	-0.1839	-0.1672
0.9871	0.1381	1.1447	-0.2704	0.2439	0.0471	-0.3256	-0.3126	-0.4457
0.9801	0.127	1.1458	-0.269	0.2387	0.0354	-0.3451	-0.2646	-0.44
0.4623	0.777	0.0828	1.0521	-1.603	-1.7315	1.1779	0.0581	0.3053
0.4728	0.7844	0.0902	1.1529	-1.603	-1.7306	1.1931	0.0109	0.2984
0.5124	-0.642	0.3439	-0.03	-0.5939	-0.8602	0.3502	0.3466	-1.2938
0.5333	-0.6444	0.3185	-0.0467	-0.5936	-0.88	0.3192	0.3899	-1.2672
0.1895	0.4245	-0.3881	0.8655	-1.6306	-0.6593	0.795	-1.1768	-0.6299
-0.0572	0.3072	0.0148	1.0984	-0.7924	-0.9517	0.516	0.5018	0.4326
-0.0472	-0.3389	0.3647	1.4038	0.0288	0.4251	0.4104	-0.6843	0.0016
-0.3311	-0.2971	0.1442	-0.6794	0.2424	0.5038	-0.1593	-0.2282	0.1783
-2.273	2.92	5.3508	0.7653	-6.0818	1.9359	-4.2742	4.8941	1.6299
-2.1048	3.0079	5.5115	1.5536	-6.128	1.8722	-4.0809	4.7635	1.5924
-0.5352	0.0713	-0.6534	1.6552	0.5281	3.1112	0.0533	-1.0184	-0.2548
-0.3255	0.2417	-0.7347	0.8717	0.3671	-0.2712	0.4815	-0.4654	0.3946
-0.3241	0.2583	-0.6574	0.8708	0.3785	-0.3403	0.4815	-0.4672	0.3903
-0.3253	0.2509	-0.6666	0.8658	0.3662	-0.3416	0.4733	-0.4629	0.4034
-0.3291	0.2418	-0.7299	0.8688	0.3695	-0.3493	0.476	-0.4327	0.3949
-0.3339	0.2472	-0.7399	0.7835	0.3712	-0.3446	0.4822	-0.4636	0.3967
-3.1963	0.5611	3.4953	3.529	-0.5602	-7.7184	-3.2429	-6.9921	0.7244
-0.5063	-2.121	-0.3201	0.2321	0.1399	0.9116	-0.2626	-0.0918	0.2609
-0.6909	-1.5534	-1.0756	-1.2276	-0.3534	0.4279	-0.6423	0.5507	-0.3003
-0.2735	1.464	0.5543	0.7266	0.0836	0.0905	0.4343	-0.8632	-0.0962
-0.8337	0.175	0.5313	0.0537	-1.1304	-2.1641	1.1227	1.1524	1.0971
-1.5649	-0.2773	0.011	-1.9504	0.4878	0.9347	0.2246	0.0465	0.6619
-1.221	-0.2583	-0.2005	-2.2231	-0.2187	-0.4795	0.3023	0.8955	0.9498
-0.0532	-11.8912	6.3546	0.6333	1.3578	0.7025	5.314	-1.931	6.6936
-0.6806	-0.8428	-0.3904	0.1643	0.2867	-0.3151	0.4996	1.0356	0.7613
-0.6731	-0.8459	-0.3861	0.1724	0.276	-0.3142	0.4997	1.0333	0.7707
-0.6762	-0.8417	-0.3889	0.1692	0.2914	-0.3215	0.5019	0.9614	0.7652
-0.6803	-0.846	-0.4083	0.174	0.2809	-0.312	0.5036	1.0385	0.7712
-0.6897	-0.8444	-0.3574	0.1706	0.2831	-0.3129	0.4999	1.0461	0.7607
-0.6806	-0.8448	-0.4005	0.1641	0.2291	-0.3193	0.495	1.0368	0.7651
1.1152	0.4643	-0.2089	1.009	0.8502	1.0991	0.6382	-1.1853	-1.5984
0.2534	0.511	-0.4379	-2.1221	2.1046	0.0907	-1.1834	-0.0526	-0.9773
1.1776	-0.192	0.9172	0.0288	1.5681	1.2245	-3.5181	-0.9654	-0.1805
1.536	1.265	1.755	1.199	1.0261	0.3113	-0.9405	-0.8289	-0.1311
1.6538	0.6101	1.5784	0.5589	1.271	0.7649	-0.3656	-0.4643	-0.0467
1.6446	0.5986	1.6759	0.5722	1.2622	0.751	-0.3738	-0.4615	-0.0766
1.2686	0.413	1.556	0.7627	1.1342	0.5703	-1.2127	-0.6423	0.0096
1.1851	0.2568	1.5935	-0.3946	1.1335	0.2725	-1.4727	-0.2802	0.0602
-0.4036	-1.9957	-0.3605	0.2138	0.006	0.8196	-0.2899	-0.101	0.2531
0.3993	0.311	0.3774	0.4968	-0.3356	-0.2691	0.7785	-0.5317	0.1552
0.4111	0.3226	0.3811	0.5664	-0.3377	-0.2747	0.7798	-0.5136	0.1567
-3.1208	0.4033	-1.0154	-3.752	0.0925	0.232	-1.2552	0.8189	-0.1067
-2.6645	0.055	-1.1001	-3.7107	0.0802	0.3163	-1.2508	0.8864	-0.1469
1.0312	1.2496	2.0402	-0.797	0.1575	0.0656	-0.1572	-0.0632	-0.4121
0.9685	-0.1376	1.7038	-0.6012	0.0513	0.1533	-0.214	0.056	-0.2126
-0.6084	-2.4152	-0.5894	-0.2998	0.1698	1.9629	-0.6624	-0.036	0.206
0.9709	0.7057	0.0626	-0.0382	-0.7803	-0.5435	0.7754	-0.1357	0.4956
0.9829	0.7386	0.0728	-0.0462	-0.7997	-0.5357	0.7839	-0.1303	0.4211
-3.7366	6.1156	1.1444	1.825	-6.7928	-14.7908	-0.3864	12.0606	-0.0714
-1.2126	1.0133	1.3218	-0.0104	-0.2048	0.0884	0.4589	-0.8482	-0.4552
-0.4696	-1.2944	0.4006	-0.9891	-0.1396	0.1053	0.2407	-0.2159	1.6525
1.1265	-5e-04	-0.4577	0.4221	1.2612	-0.256	0.0959	-0.3777	0.0702
-0.2567	0.1521	2.2963	0.3938	0.0278	-1.4778	0.2636	1.3934	1.4373
-0.1086	-0.4511	-7.2214	0.2841	-0.96	1.7764	-5.4223	-2.5151	-2.3926
0.0103	-0.4902	-7.1415	1.009	-0.9342	1.7399	-5.313	-2.6651	-2.5909
0.0028	-0.4937	-7.1129	1.0004	-0.9447	1.7468	-5.3616	-2.6506	-2.5963
-0.0087	-0.4904	-7.1405	1.0076	-0.9442	1.7142	-5.3026	-2.6706	-2.5897
-0.0176	-0.4776	-7.0876	0.7206	-1.3153	1.7399	-5.306	-2.5703	-2.4899
-0.1532	-0.0065	0.8502	-0.4803	1.9758	1.0816	0.0304	1.0889	-2.8552
-0.0992	-0.0059	0.8106	-0.4846	1.9929	1.0891	0.0528	1.0585	-2.8206
0.4667	0.4052	0.9909	-0.7339	1.8828	0.9377	0.2889	1.0409	-3.0113
0.6881	-1.2537	0.9441	-1.0485	2.3741	1.1481	0.142	1.5574	-2.7955
0.6813	-1.2557	0.9455	-1.0388	2.3713	1.1472	0.1419	1.5533	-2.7946
-0.1263	0.4065	0.0799	-0.0094	-0.4967	-1.999	0.8575	-0.0605	0.5644
-0.1366	0.4061	0.0822	-0.006	-0.5285	-1.8741	0.8454	-0.0651	0.5555
-6.8002	0.4588	-9.007	-2.1897	-4.0886	-2.4866	-7.7177	5.0458	-13.6362
-6.8958	0.4741	-9.0447	-2.4398	-4.0691	-2.3841	-7.7909	5.0442	-13.5737
0.5087	0.1472	-0.5584	0.3711	1.4191	-0.2922	-0.0393	-0.3702	0.1926
1.1427	0.2743	1.3877	0.2325	-0.1369	0.1623	0.1635	-1.1973	-0.8223
1.1549	0.2643	1.3939	0.2333	-0.1283	0.1688	0.1107	-1.0874	-0.8303
1.1427	0.2672	1.3925	0.2652	-0.1423	0.1486	0.1113	-1.1989	-0.8234
1.1501	0.2683	1.3898	0.2429	-0.1416	0.1546	0.114	-1.1011	-0.8251
1.1846	0.3341	1.9463	0.1147	0.6568	0.1096	-1.6445	0.7069	-0.0362
-1.4065	-0.4203	-0.2574	0.4684	-0.1968	-0.5202	0.5976	0.3995	0.8615
0.4284	-0.3394	-0.9381	0.6377	-0.3254	-0.429	0.3409	0.2595	0.3522
0.5656	-0.3396	-0.5195	0.6327	-0.339	-0.469	0.3485	0.3418	0.3927
-0.435	-0.252	0.502	0.7094	-0.5169	-0.7246	1.7646	0.1091	0.8281
-0.4318	-0.7241	0.0673	0.0635	0.2176	0.5649	-0.0364	-0.3449	0.2569
-0.4004	-0.7156	0.042	0.1049	0.2308	0.5687	-0.024	-0.3382	0.2561
0.0199	-2.5318	0.5106	0.096	-0.6857	1.8366	0.1065	1.4056	0.8231
-0.2181	-0.143	0.1156	-0.5104	0.096	0.4704	-0.0385	-0.1351	0.0496
-0.2636	-0.1389	0.1197	-0.5135	0.1036	0.4688	-0.0902	-0.1715	0.0327
1.1463	-1.9687	0.8401	0.4912	-0.4365	0.4058	-0.0205	-0.9019	-0.7008
1.1961	-1.1959	-0.143	0.3414	-0.3215	-0.2074	-0.8486	-1.6762	-1.3179
1.1918	-1.1963	-0.1297	0.3355	-0.307	-0.2155	-0.8435	-1.8908	-1.2415
1.1888	-1.1974	-0.1307	0.339	-0.3189	-0.2104	-0.8461	-1.8893	-1.3129
1.2031	-1.1969	-0.1357	0.3439	-0.3171	-0.2059	-0.8453	-1.8859	-1.316
1.5823	-0.5782	2.1557	0.2655	-0.7061	0.3129	0.8042	-0.3197	-0.4513
1.7353	-0.5796	2.1535	0.2545	-0.702	0.304	0.8099	-0.3208	-0.4455
1.7403	-0.5778	2.1568	0.2646	-0.7023	0.3054	0.8123	-0.3652	-0.4503
1.7268	0.6341	1.601	0.5464	-0.3354	-0.4057	1.0426	-1.4748	-0.6126
1.6055	0.6489	1.6342	0.5436	-0.3203	-0.4152	1.0477	-1.5021	-0.6081
-0.2976	0.2461	-0.3888	0.0242	-0.3177	-0.1293	0.1866	0.1695	0.103
1.8926	0.6407	0.1974	-0.3021	1.2473	-0.1704	-0.8752	0.933	-0.8474
-0.0994	0.4138	0.2636	0.0427	0.0354	0.3105	0.1002	-0.4148	-0.0601
-0.5459	-3.0577	-0.5941	0.1554	0.0416	1.1121	-0.3379	-0.0359	0.3151
-0.3172	-1.2144	-0.1806	0.0868	0.0404	0.7141	-0.0466	-0.3	0.1049
0.2739	-0.4005	0.2405	-0.9716	-0.4809	-0.8564	-0.0263	0.621	-1.1552
-0.2108	-0.7243	-0.0034	0.056	-9e-04	0.5859	-0.0033	-0.3064	0.2073
-0.0865	1.0366	-0.158	0.0411	0.8072	-0.2977	-0.4728	0.1256	0.1228
-0.068	1.0512	-0.1632	0.038	0.8146	-0.3117	-0.4664	0.17	0.1288
-1.4353	0.9789	-0.6692	-0.1591	-1.5931	-0.1645	-1.0152	-0.371	0.1241
0.3755	-0.1662	-0.1241	-0.5179	1.0689	-0.3313	-0.7132	0.7299	-1.3747
0.023	-0.0947	0.2013	0.266	-2.0363	0.1388	0.5529	-0.4435	-0.3763
-0.3703	-1.0526	-2.2356	-0.6353	-5.1765	0.4289	0.3609	-1.8009	1.7005
-0.4232	0.2592	-0.3978	-0.4866	-0.0326	0.0447	-0.0953	0.2049	-0.0307
0.0437	-0.1202	-1.4552	-0.2799	1.8144	1.657	-0.1836	0.5546	-3.3912
1.3396	0.4223	-0.6619	-0.8443	0.0286	-0.4985	-1.4701	0.9717	-0.4332
1.1167	0.7269	-0.5218	-0.9116	0.0691	-0.5271	-1.4759	0.9393	-0.378
1.0534	0.4672	-0.583	-0.8181	0.2509	-0.4866	-1.4318	1.0148	-0.3196
1.0521	0.367	-0.659	-0.8413	0.2585	-0.4678	-1.4771	1.0251	-0.3515
0.9916	0.5761	-0.5951	-0.9514	0.0907	-0.5087	-1.4716	0.9324	-0.3437
1.1383	0.28	-0.7464	-1.1455	-0.1331	-0.5188	-1.6884	1.3852	-0.445
1.2792	0.2854	-0.7411	-1.1469	-0.1351	-0.5163	-1.6863	1.3753	-0.4847
-0.471	0.3881	-0.6031	-1.7028	0.0895	-0.0553	-0.3546	0.4388	0.1242
0.9706	3e-04	0.2487	0.2535	0.0339	0.3665	0.2232	-0.5499	-0.1682
-3.0835	2.2112	7.6077	-1.804	-0.3196	-4.4095	-4.3986	4.4549	1.5322
-3.1037	2.1976	7.6225	-1.7979	-0.3098	-4.3735	-4.436	4.4925	1.5009
-0.6462	-1.0399	-0.8904	-1.3286	0.0534	0.3051	-0.5079	0.6598	0.1653
0.2655	-0.185	0.4215	0.2276	-0.5242	-0.7594	-0.1534	0.7602	0.161
1.4719	0.4014	-4.3181	-0.0504	-4.501	-0.8933	1.4566	-4.5086	-10.4505
-4.9553	0.5367	-0.0454	-1.3162	0.5801	0.5891	-0.7023	-0.131	0.8506
-0.3687	-0.1877	-0.2988	0.421	-0.792	-0.2213	0.5936	0.4245	-0.2649
-0.3599	-0.185	-0.2844	0.4186	-0.794	-0.2082	0.5758	0.425	-0.2553
-1.341	0.4997	-0.1653	0.4046	0.499	-0.8435	0.8366	-0.3143	0.1228
-0.4931	0.0836	-0.2774	0.5248	-1.6035	-0.2387	0.9869	0.1239	-0.4434
-0.345	0.3422	-0.2168	0.4098	-0.8286	-0.292	0.8481	0.1533	-0.3209
-0.3811	0.3375	-0.1875	0.447	-0.8787	-0.2889	0.805	0.1617	-0.2844
-0.629	-0.4615	-0.4149	0.4939	-0.8936	-0.0967	0.6106	0.2479	-0.2484
-0.3936	0.5819	-0.2867	0.889	-1.9257	0.3375	0.8311	0.2355	-0.7623
0.048	0.4643	-0.4131	-0.0098	-0.1875	-0.0331	0.1055	0.1038	-0.0415
-0.6406	0.3105	-0.6647	-2.8309	-0.5239	0.0371	-0.5407	0.8448	-0.0059
-0.1197	1.0293	0.3519	-0.1302	1.7703	0.4272	-0.1931	-0.5663	-0.4569
0.6805	0.1579	-0.2018	-0.0308	1.6937	0.924	-0.6224	0.1532	0.0061
-0.2432	0.0938	-0.4795	0.0045	-0.0966	0.1513	0.05	0.1658	0.0243
-0.5193	0.5962	-0.223	-0.2368	0.3647	1.0552	-1.5777	-0.5179	-0.2781
0.0619	-0.64	1.6008	-0.9064	-0.6468	-0.9678	0.4613	0.4752	0.5722
0.3796	-0.0503	0.4055	0.5479	0.9327	-1.3721	0.4794	1.0017	0.7277
-0.1864	0.0416	-0.3785	0.9195	-0.1612	0.0809	0.208	-0.0216	0.0965
-0.184	-0.2183	0.1148	0.1199	-0.1566	0.4917	0.0477	-0.3941	0.0485
1.0938	-0.7512	-0.6665	0.6288	1.0594	-0.3917	-0.187	0.5297	0.7778
0.9255	0.4609	1.2478	-0.2986	1.6932	-0.1372	-0.7142	0.2955	-0.0362
0.9863	1.0234	1.4703	-0.391	1.3897	-0.2063	-0.6177	0.2869	-0.1413
0.7679	2.1059	0.2791	0.3613	-0.136	-0.4151	0.4858	-0.119	0.4999
0.3317	-2.6568	0.4029	-0.5351	0.3539	-3.7892	0.1391	-0.1076	-4.0395
1.1649	2.1379	0.5868	0.2579	0.283	-0.9354	1.222	-0.6262	0.0756
8.7568	-1.773	-5.6147	-6.6442	-1.1297	13.5249	-13.5063	10.3311	-1.5878
5.0436	-0.0166	10.9608	0.2316	1.4631	3.4938	7.8044	-5.4172	-4.2438
-0.1778	-1.1965	-0.0428	0.2799	0.886	-3.5989	-2.1277	0.0361	1.7311
0.4194	-0.6747	0.4622	0.0244	0.1222	0.6032	0.7263	-0.7284	0.913
0.4971	0.5262	-1.7168	0.2516	2.1012	-0.5765	0.4706	0.679	-0.4655
0.5111	0.524	-1.7182	0.2485	2.1114	-0.5769	0.4635	0.6794	-0.4711
1.96	-0.3842	2.4236	-0.2662	-0.5841	-0.0043	0.9681	0.1646	-1.7983
0.5825	-0.2652	1.577	-0.0993	0.4203	0.7734	0.8635	-0.4934	-5e-04
0.5824	-0.2804	1.5692	-0.0927	0.4144	0.7674	0.8695	-0.4837	0.0068
0.5756	-0.2744	1.5705	-0.0833	0.4177	0.763	0.868	-0.478	0.0112
0.5571	-0.2771	1.5702	-0.0872	0.4194	0.7747	0.8633	-0.4915	0.0254
0.5836	-0.2701	1.5769	-0.0915	0.4096	0.7036	0.8715	-0.4894	0.012
0.5768	-0.2729	1.5674	-0.0862	0.4094	0.7749	0.8608	-0.4813	0.0122
0.8126	-2.7739	1.0692	-1.2582	-1.2482	0.3837	0.4928	0.7283	-0.292
0.659	-2.7727	1.0291	-1.2537	-1.4496	0.3884	0.5185	0.7451	-0.3486
-0.4609	-0.7089	1.9217	-0.4399	-1.0318	-1.0505	0.6023	1.0453	0.01
-0.4759	-0.7143	1.8902	-0.4358	-1.1187	-1.0489	0.6045	0.9147	-0.0324
-0.4753	-0.7163	1.9273	-0.439	-1.1277	-0.9647	0.5982	1.0357	-0.005
-0.4655	-0.6721	1.9163	-0.4327	-1.127	-1.0542	0.6054	1.0427	-0.0081
-0.7471	0.0642	-5.3427	-0.0198	-0.5308	1.5793	0.9488	-0.7958	-0.5977
-1.0922	0.6105	-0.2829	0.1615	-0.374	-1.7731	0.6259	0.6769	1.5445
-0.4521	-1.1129	-1.0147	1.675	-0.5273	0.856	-0.5054	0.5334	-0.0076
-0.392	-0.287	-1.017	-1.1124	-0.1244	0.0952	-0.9061	0.8586	0.52
-1.1057	0.5476	-0.9677	-3.2375	-0.0555	-0.179	-0.4351	1.0293	0.725
-0.579	0.3411	-0.6311	0.5235	-0.4068	-0.2354	0.4552	0.303	0.5598
-2.5671	0.1088	-0.7853	-0.6107	-0.1704	-0.0911	-0.0784	0.7239	0.943
-1.5065	1.6725	-0.5734	-1.9052	0.6412	-0.3201	-0.2271	0.6251	0.7798
-0.9737	0.4377	-0.6304	-0.8163	-0.5277	-0.8396	0.0946	0.5835	1.1912
-0.9877	0.4265	-0.56	-0.8109	-0.5312	-0.8381	0.0991	0.5811	1.266
-0.9766	0.4364	-0.625	-0.7335	-0.5295	-0.8388	0.0912	0.5855	1.2679
-0.9742	0.4265	-0.6318	-0.7419	-0.5249	-0.8322	0.0881	0.583	1.256
-0.9722	0.4294	-0.6282	-0.6922	-0.526	-0.8348	0.1005	0.5959	1.2658
-0.9672	0.4257	-0.6266	-0.8071	-0.5305	-0.7702	0.0959	0.5924	1.2586
-0.9767	0.4252	-0.6309	-0.8068	-0.5285	-0.8361	0.0948	0.603	1.2614
-0.5726	0.4787	-0.1062	-0.4301	-0.5313	0.7144	0.6769	0.8685	0.4076
-0.5718	0.4657	-0.1133	-0.3696	-0.5302	0.8879	0.6873	0.8528	0.3969
-0.6431	0.4779	-0.1166	-0.4336	-0.5311	0.8917	0.6696	0.8634	0.4238
1.2196	1.3129	2.0403	1.287	-0.3267	-1.0561	1.8344	-0.222	1.0649
0.1981	-0.5687	4.3288	0.0649	-11.3616	9.2285	8.2978	-0.0541	9.3833
0.1849	-0.5689	4.3844	0.0562	-11.3633	9.221	8.2822	-0.0263	9.4316
1.3196	0.3327	-0.5622	-0.1845	1.1203	-0.5937	-0.2299	0.5471	0.6856
1.7185	0.3933	-0.4133	0.3475	1.086	-0.6328	-0.002	0.4342	0.6201
0.6193	-0.8532	0.0189	0.0462	0.0629	-0.4087	-2.8618	1.5256	-0.1286
0.5879	-0.3885	0.1103	0.4526	0.3445	-0.5598	-2.2612	1.2428	-0.1451
0.5826	-0.3813	0.1128	0.3999	0.3709	-0.5298	-2.2935	1.2913	-0.143
0.2467	-0.513	0.1128	-0.2884	0.2231	-0.5607	-2.3607	1.358	-0.0647
0.2536	-0.5204	0.1272	-0.2941	0.2022	-0.5791	-2.3626	1.4381	-0.038
0.4711	-0.6292	0.1219	0.623	0.1112	-0.5761	-2.1559	1.2281	-0.1356
0.6907	-1.8974	0.5001	-0.5785	-0.5412	1.6675	-0.0614	1.5734	0.6485
-0.4624	-0.114	-0.764	0.4536	-0.5372	-0.1464	0.8582	-0.2709	-0.4202
-0.4649	-0.0987	-0.7598	0.4514	-0.5271	-0.1441	0.8456	-0.2773	-0.4157
-0.4574	-0.1414	-0.7373	0.4434	-0.5283	-0.1412	0.8632	-0.2619	-0.4154
-0.4663	0.4384	-0.4323	-1.2429	1.476	0.0139	-0.5402	0.3744	0.3203
0.8742	-0.048	1.1559	-0.1438	1.9649	0.1759	-0.6462	-0.1846	-0.0543
0.4409	-1.8616	1.7478	-0.1445	2.1961	1.2716	-0.9757	1.1037	1.9811
0.4376	-1.8694	1.7484	-0.1815	2.1873	1.2664	-0.9708	1.0896	1.9802
0.1565	2.2574	0.1128	-0.2159	-0.5219	-0.4233	-0.3489	-0.0831	-1.9032
0.4896	1.2921	0.2395	-1.0205	1.1177	-0.6358	-0.61	0.6992	-1.624
0.4103	1.0373	0.0927	-1.2639	1.2175	-0.5635	-0.6988	0.7606	-1.5476
-0.319	-1.1429	-0.0478	0.012	0.0167	0.6938	-0.1216	-0.2179	0.1501
0.4589	-0.0925	-0.0701	0.3058	0.1098	0.152	-0.1499	0.1411	1.3411
0.4513	-0.1028	-0.0727	0.4179	0.0691	0.1594	-0.1497	0.1345	1.352
-0.1802	-0.4961	0.0017	0.3105	-0.3798	0.2876	0.0323	-0.0129	0.8911
1.0207	-0.1683	0.1302	0.6812	-1.1318	0.4429	0.8412	-0.5487	0.0515
0.2392	-1.2018	-0.2403	0.3453	-0.4313	0.3961	-0.0253	0.0353	0.9224
0.3047	1.0722	0.7927	1.1128	1.599	-0.1036	0.5444	-1.1094	0.9845
0.254	1.0715	0.7968	1.1196	1.5988	-0.0986	0.5509	-1.1498	0.9844
-0.1686	0.3863	0.0839	0.416	-0.1376	1.2394	0.0362	-0.6295	-0.3293
1.296	0.3321	0.3703	0.1235	-1.8862	-1.0969	1.1411	-0.1666	-0.323
1.1807	0.3862	0.3708	0.1251	-1.8821	-1.1168	1.138	-0.1905	-0.3046
-0.1309	-0.1466	0.2757	0.5572	0.0042	0.4869	0.0802	-0.5896	-0.0461
-0.1102	-0.1363	0.3228	0.5454	0.0229	0.4374	0.1001	-0.5702	-0.0338
-0.1452	-0.1352	0.2808	0.4267	0.048	0.4605	0.045	-0.5708	-0.0454
-0.4151	-2.0844	-0.2637	0.2611	0.0583	0.8383	-0.1476	-0.2483	0.1454
-0.4264	-2.0877	-0.2428	0.2484	0.0401	0.8307	-0.1649	-0.1816	0.1384
-1.1141	-0.4789	2.8204	-1.1379	-1.3116	0.1027	0.171	-2.2304	-0.211
0.8208	0.6209	1.4183	0.1889	-0.5292	0.166	0.2599	-0.5404	-0.8201
0.0978	0.6641	3.7541	-0.8252	-1.5952	0.5212	-1.5811	1.9452	-0.3828
1.6783	0.9317	-0.0039	0.7755	0.9488	-0.4961	0.4439	0.3586	1.878
1.6851	0.9364	-0.0112	0.7833	0.947	-0.4947	0.5389	0.3515	1.6624
-1.3613	-0.2007	-0.8855	0.9717	0.9499	-0.3294	-0.2765	-0.3981	-0.1466
0.8331	0.2065	-1.4807	0.7727	2.3162	-0.9866	-2.118	1.2415	0.6485
-0.3483	0.7338	-0.4999	-2.2909	0.5894	-0.2821	0.582	0.1891	-0.7641
-0.3281	0.7785	-0.4561	-2.2953	0.5896	-0.2948	0.5872	0.1822	-0.764
1.3419	0.4617	-0.6862	-0.6405	1.8643	0.3789	0.0363	-2.1921	0.9098
-0.1224	0.7079	-0.769	0.6542	1.9299	0.572	-0.1997	-1.9976	-1.0333
-0.1185	0.6605	-0.7364	0.7342	1.9371	0.5606	-0.1728	-2.0003	-1.0336
0.3129	0.6797	-0.7003	0.0717	1.6193	0.3796	-0.0392	-1.9406	-0.2709
0.3097	0.6884	-0.7495	0.0507	1.6356	0.3866	-0.0472	-1.9324	-0.2368
-0.0595	0.2104	0.5687	0.0209	-0.3117	0.628	-2.4003	0.5118	-0.3107
0.1108	0.8589	4.3661	6.8564	0.9507	-0.9706	0.2594	0.822	1.4047
0.1122	0.8563	4.3661	6.8415	0.9518	-0.9702	0.2641	0.8279	1.4009
0.1159	0.8537	4.3602	6.8523	0.948	-0.9704	0.2628	0.8166	1.4076
0.6137	-0.3334	-1.371	0.0037	-0.8625	0.2041	-0.0761	-0.0014	-0.3667
0.6524	-0.2461	-1.0184	-0.0139	-0.9281	0.1195	0.0085	0.0259	-0.3406
0.6236	-0.211	-1.0368	-0.0127	-0.9294	0.0956	-0.0597	0.0553	-0.3148
0.8834	-0.1365	-0.7318	-0.0066	-1.0709	0.1105	-0.1304	0.151	-0.2668
0.8746	-0.1436	-0.7367	-0.0219	-0.9899	0.0985	-0.1195	0.1595	-0.2616
0.8759	-0.1375	-0.7115	-0.0283	-1.0716	0.1115	-0.0975	0.1184	-0.2491
-0.7645	-0.734	-0.2796	0.9393	-0.3193	0.9746	-0.246	0.5601	0.2069
-0.8422	-0.7261	-0.288	0.9323	-0.3132	0.9756	-0.2467	0.562	0.2042
-0.8433	-0.7404	-0.2931	0.9452	-0.3217	0.9732	-0.2475	0.5688	0.1304
-0.3839	-0.058	-0.7649	-1.1752	-0.2999	0.1798	-0.4725	0.2669	-0.4847
-0.3149	1.4551	-0.4273	-1.4454	-0.2744	-0.2316	-0.3508	0.1218	-0.5532
8.5539	0.2661	0.8929	-2.81	-1.8851	5.0031	-1.5131	-5.5969	4.2009
8.5769	0.262	0.8631	-2.8193	-1.9105	5.019	-1.5421	-5.5708	4.1647
8.5294	0.2575	0.8965	-2.8139	-1.8624	5.0161	-1.5422	-5.5707	4.2054
8.5808	0.2674	0.8654	-2.817	-1.8681	5.0212	-1.5492	-5.5978	4.2193
8.5918	-0.374	0.7874	-1.7734	-1.9712	5.163	-1.3816	-5.659	4.275
8.5358	-0.3981	0.7671	-2.1171	-1.9161	5.2119	-1.4935	-5.6024	4.2545
-0.3874	0.3444	-0.3464	-0.4387	-0.0579	-0.0313	-0.1102	0.3201	0.0793
-0.4229	-2.3468	-0.2089	0.9672	0.0483	1.0284	-0.1229	-0.2327	0.1358
-0.2951	0.2913	-0.4516	-0.6072	-0.1198	-0.0411	-0.0317	0.2254	0.0204
-1.1388	-2.4412	0.0878	0.1465	-1.4922	1.0334	0.3368	1.9948	1.8986
-1.23	-1.0912	0.3436	0.1098	-1.6196	1.0182	0.5424	1.739	1.7376
1.4795	0.3977	0.3697	0.3517	0.0014	0.1712	0.3649	-0.5831	-0.3386
0.9426	0.1378	1.0906	-0.5004	1.6954	0.2115	-0.6015	-0.258	-0.122
-1.1139	0.7008	-0.2102	-0.0052	-0.0675	-0.1134	-0.3737	1.4705	0.0977
-0.3244	2.9574	0.3726	0.1054	-0.1106	-0.3233	0.0588	0.8178	-0.2754
-0.2983	0.1509	-0.3462	0.1355	-0.1222	0.5968	-0.3971	1.269	-0.1245
0.5583	-1.351	-0.142	-2.0071	-0.8808	-0.0704	-1.9754	0.7722	1.2246
-0.4349	-2.4777	-0.3796	0.1429	0.1438	0.9839	-0.408	-0.0064	0.2718
-1.0716	-0.7028	2.7232	-0.9132	-1.364	0.0613	0.2427	-2.4421	-0.1738
-1.2592	-0.2366	2.8886	-0.9199	-1.3893	0.0596	0.2081	-2.2918	-0.0826
4.9439	0.1275	10.8933	-0.8904	1.7399	3.4658	7.5618	-5.2349	-4.0816
4.7532	0.1929	10.7658	-2.4722	1.6745	3.462	7.2441	-4.9095	-4.0569
9e-04	-3.0575	0.3555	0.3712	-0.6986	1.952	0.0613	1.3873	0.9207
-0.716	0.6254	-0.9766	-0.5348	-0.2783	0.7217	-1.6353	-1.1682	-0.6184
-0.726	0.6329	-0.9718	-0.5245	-0.316	0.7207	-1.6417	-1.1665	-0.5754
-0.7173	0.6283	-0.9717	-0.5308	-0.3146	0.7289	-1.6409	-1.1739	-0.5891
-0.7126	0.6354	-0.9762	-0.5303	-0.3164	0.7196	-1.4499	-1.1781	-0.62
-1.0375	0.8218	-0.96	-0.7481	-0.795	0.0243	0.0726	-0.8303	-0.2692
-0.6592	0.8091	-0.9696	-0.7108	-0.3274	0.2439	0.7431	-1.2501	-0.9811
-0.8188	0.8642	-0.964	-1.1441	-0.3171	0.1005	-0.936	0.0984	0.5492
-0.8157	0.8626	-0.9694	-1.1475	-0.3159	0.1119	-0.9438	0.131	0.4621
-0.283	0.8018	-0.0687	-1.4254	-0.2747	0.2922	-0.8818	-0.0362	-0.3483
-0.548	-0.4731	-0.3581	0.2542	0.3991	-0.7773	-0.8082	0.2738	0.2621
-0.5494	-0.4817	-0.4144	0.2521	0.4037	-0.7943	-0.8107	0.159	0.244
-0.5465	-0.3822	-0.3821	0.2555	0.4013	-0.8142	-0.7996	0.1629	0.2646
-0.5481	-0.4764	-0.3536	0.2572	0.3988	-0.7935	-0.6392	0.1627	0.2734
-2.9225	0.8401	0.1462	0.4692	0.6947	-1.396	0.6669	0.6104	0.6904
-2.9222	0.8519	0.2188	0.4572	0.6342	-1.4071	0.8475	0.6072	0.689
-2.9288	0.8399	0.1795	0.4682	0.6885	-1.4042	0.6944	0.609	0.6853
-2.92	0.8441	0.1856	0.4736	0.695	-1.4114	0.8465	0.6127	0.6848
1.3296	1.593	-0.0773	0.5072	0.7525	-1.5106	0.2426	0.1427	-0.1575
-2.0006	-0.0748	0.487	0.9223	0.4983	0.8755	0.1286	0.2379	0.3349
-2.0004	-0.0758	0.4865	0.9323	0.5045	0.8888	0.1322	0.2797	0.3414
-2.0029	-0.0817	0.4902	0.9159	0.4984	0.8835	0.137	0.3113	0.3473
-0.1862	1.8354	-0.0013	-0.0475	-0.0948	-0.279	0.2072	-0.0895	-0.6138
0.7911	-1.5297	-0.0503	-0.7373	-1.1331	-0.0193	-1.7531	0.7305	1.071
0.7967	-1.5259	-0.0507	-0.7417	-1.1197	-0.0189	-1.6338	0.6717	1.0508
0.7506	-1.2792	-0.0032	-0.5244	-1.0008	-0.1134	-1.5831	0.5846	1.1409
-0.4388	0.6687	1.4076	-1.2898	1.0832	-0.4663	-1.5329	1.2808	-0.262
-0.3539	0.7761	1.8467	0.5011	0.1616	-0.6436	-1.3821	1.2658	-0.4996
-0.2839	1.3546	1.6068	-0.2934	0.4876	-0.6351	-1.0664	0.9277	-0.4278
0.8351	0.5047	1.159	1.0014	-0.1781	-1.4882	0.9816	0.7641	0.428
0.7886	0.5182	1.1862	1.0066	-0.1885	-1.4822	0.9821	0.7703	0.4296
-0.2395	-0.0338	-0.2437	0.0404	-0.3171	-0.936	0.1993	0.4295	0.322
-0.0332	1.3636	0.9127	-0.1764	0.0159	-0.812	-0.1514	0.7493	0.6714
-0.5908	1.2011	0.4852	-0.5612	0.0562	-0.2257	-0.4236	-0.074	0.6985
-0.5769	1.2054	0.5234	-0.5955	0.0997	-0.2738	-0.4292	-0.0528	0.7557
-1.0444	0.5943	0.1517	-0.2709	0.8042	0.6205	-0.697	-0.1588	0.7609
-0.499	0.8109	0.0654	-0.9679	0.4452	0.1911	-1.5418	-1.2264	0.7893
-0.4978	1.2017	0.5101	-0.5759	0.0293	-0.1455	-0.448	-0.0041	0.6567
-0.9086	0.8256	1.0948	-1.4458	-0.5202	-0.432	-0.4016	0.362	0.855
-1.2627	-0.5944	-0.251	-0.3391	-0.1456	0.2788	-0.844	0.1894	0.8494
-1.1738	0.448	0.287	0.2141	0.754	0.0403	-0.2223	-0.357	-0.2276
-1.1717	0.45	0.2629	0.2596	0.7544	0.029	-0.2251	-0.3522	-0.2148
-1.1647	0.4548	0.2972	0.2279	0.7604	0.0283	-0.2226	-0.3565	-0.2035
-1.1587	0.4526	0.2366	0.2531	0.7575	0.0335	-0.2204	-0.3575	-0.2152
-1.1679	0.4444	0.2919	0.2608	0.7525	0.0225	-0.2387	-0.3508	-0.2085
-1.1593	0.4431	0.2949	0.2576	0.6851	0.0383	-0.2256	-0.3565	-0.2473
-1.3158	0.4978	0.2603	-0.4263	-0.755	0.2182	-0.0956	-0.382	-0.5479
0.4353	1.4769	0.4488	0.4297	0.3908	0.6226	-0.5559	-0.6953	-1.3231
0.4452	1.4786	0.5084	0.4302	0.3526	0.6197	-0.4334	-0.6979	-1.4192
-0.5386	0.6508	1.2797	-0.4325	0.5537	0.1545	-0.1331	-0.6755	0.2119
0.3817	0.7179	0.4894	-0.0086	0.3185	0.1788	-0.0436	-0.4882	-0.7161
0.0854	0.7829	0.5719	-0.972	1.1092	0.0185	-0.0068	-0.7678	1.0063
0.8175	-2.1448	0.2503	0.9693	-1.1254	-0.1515	0.3478	0.3705	-0.3839
0.9219	-0.5338	0.1629	-0.0268	-0.4511	0.2283	-0.4373	0.4045	0.5117
-1.0557	-0.1369	-1.2752	-1.3455	0.0946	-0.3348	-0.7421	1.7141	0.1083
0.3029	0.4711	0.7294	0.548	0.2454	-0.0984	0.5383	-1.0498	0.7754
-0.3608	0.2262	-0.5167	-0.5386	0.0253	0.0278	-0.1692	0.2763	0.0514
-0.3279	0.2067	-0.505	-0.5323	0.0443	0.0133	-0.1714	0.228	0.0786
-0.3676	0.2821	-0.5028	-0.5468	0.0188	0.0101	-0.1799	0.2611	0.0564
0.1532	0.6024	-11.1121	-2.5931	0.4876	11.6878	-0.7386	-0.4837	-3.0169
0.1005	0.484	-11.2766	-2.7544	0.5043	11.7216	-0.7668	-0.464	-3.0145
0.547	0.3903	0.1911	-0.1465	0.9753	-0.7326	-0.5147	0.7104	-1.4262
0.516	1.2578	-0.2724	0.3075	1.4117	-0.5692	0.1821	-0.5063	0.136
0.9767	-0.4413	-0.5287	0.1424	-1.1276	1.1995	-0.4443	0.2191	0.5889
0.9812	-0.4484	-0.5293	0.1537	-1.1263	1.1983	-0.4055	0.2054	0.5814
0.9795	-0.4432	-0.5285	0.1574	-1.0044	1.2008	-0.4515	0.2098	0.5881
0.5276	0.8219	1.3212	0.3839	-0.9181	-0.1852	0.4854	-0.1831	1.1498
-0.7009	0.4039	-1.2425	-1.3502	-1.6176	0.4952	-0.9308	0.0196	-0.9591
-0.693	0.4048	-1.2511	-1.3312	-1.6286	0.4938	-0.9354	0.0264	-0.9617
0.5279	-0.7534	1.0044	1.7316	-0.7444	1.2877	0.7202	0.7854	0.6521
1.7542	-0.6599	0.0694	-1.8952	-1.1223	3.0046	-0.6252	-0.9425	-1.9404
1.2725	0.1019	1.1183	0.0633	0.8479	-0.4049	0.9192	-0.7728	-0.7111
1.2701	0.097	1.1856	0.0834	0.8433	-0.4503	0.9259	-0.7742	-0.7384
1.6865	-0.0746	0.6915	-0.0159	-0.3202	-0.3849	-0.5338	-0.6517	-1.3521
1.5179	-0.0796	0.6922	-0.0286	-0.31	-0.3747	-0.6362	-0.6447	-1.346
1.6897	-0.07	0.6954	-0.0267	-0.323	-0.3833	-0.5389	-0.6437	-1.3597
1.25	-0.3923	1.081	1.1092	-0.3169	-0.1446	-0.3415	-1.8669	-1.5362
1.2569	-0.3967	1.0818	1.1112	-0.3184	-0.3228	-0.3437	-1.8631	-1.4391
-2.8282	0.7962	-0.4736	-1.7527	0.2541	0.1149	-0.6933	0.4786	0.4822
-2.5201	1.0356	-0.4194	-1.7533	0.2208	0.052	-0.6091	0.4276	0.4231
0.0467	0.8714	0.3785	0.7194	-0.0996	0.3885	0.2571	-0.7325	-0.8456
-0.3925	-0.7197	-0.6868	-0.0669	-0.2432	0.195	-0.2334	0.4486	0.1579
-0.3334	-0.4263	-0.5993	-0.0731	-0.1951	0.168	-0.196	0.3753	0.1292
0.464	-0.1407	-0.8853	-0.8465	-0.3038	1.7736	-0.3885	0.1288	-0.5458
-1.8336	0.4649	-1.2213	-0.2421	0.0649	0.0188	-0.8304	1.6342	0.124
0.5774	-0.4388	4.3854	0.8085	-7.2774	2.6731	-9.5088	-5.1715	0.1557
-1.9447	-0.2569	-0.552	0.2008	0.0598	-0.2265	-0.1871	0.3431	0.5526
-1.9438	-0.2564	-0.5281	0.2054	0.0397	-0.2222	-0.1448	0.3321	0.5127
0.55	-0.4589	0.0044	0.8487	-0.8695	-0.9182	1.1842	-0.6381	-0.8768
0.591	-0.209	0.1274	0.9958	-0.1901	-1.3072	1.3047	-0.7242	0.7207
0.4901	-0.2124	0.1365	1.0071	-0.1858	-1.3069	1.3037	-0.7676	0.7175
0.5355	-0.2451	0.166	0.8943	-1.1322	-1.2274	1.3119	-0.6472	-0.0216
1.373	-0.6447	1.0022	-0.381	-0.4754	0.2209	1.8364	-0.257	-0.4088
1.3693	-0.6417	1.0021	-0.3828	-0.4774	0.2127	1.8369	-0.2619	-0.3565
1.3742	-0.5427	1.0088	-0.3867	-0.5233	0.2126	1.8322	-0.262	-0.409
1.3785	-0.6367	0.9935	-0.3759	-0.5204	0.1437	1.8344	-0.258	-0.3883
1.7796	1.3013	1.6307	0.5886	-0.2948	0.6257	-0.7753	-0.3781	-0.9451
1.8544	0.5157	1.8624	0.3504	0.5892	-0.7584	0.6712	0.7699	-0.0876
2.4195	0.871	-1.6218	0.8621	-0.3233	-0.6186	-0.3895	1.1226	-0.8079
2.4204	1.1222	-1.6129	0.8619	-0.331	-0.6237	0.0094	1.1161	-0.8081
2.0071	1.0141	1.8222	1.4462	0.3004	-0.381	1.1256	-0.1291	-0.4593
-0.5875	-1.1489	1.3114	0.0702	-2.306	-0.0705	5.4259	0.8641	7.7824
-0.5561	-0.403	1.3979	-0.1322	-2.2576	-0.0666	5.4258	0.7421	7.5902
-0.5172	-0.6597	1.2993	0.3723	-2.2921	-0.0277	5.5398	0.6099	7.6575
-0.2876	-0.2205	0.1956	0.0765	0.1658	0.5306	-0.0245	-0.3398	0.007
-0.3041	-0.2177	0.2292	0.1015	0.1718	0.5038	-0.027	-0.3083	-0.0012
-0.2919	-0.408	0.025	0.107	0.1473	0.5277	-0.1932	-0.2006	0.064
-0.3271	-0.2676	-0.1756	0.2456	0.2543	-0.1442	1.4746	-1.2086	-0.3873
1.8081	0.4324	-0.5328	1.0628	-1.1405	0.2741	1.629	-1.6757	-5.534
-0.4106	0.4926	-0.3479	0.3567	-0.3106	-0.8975	1.0549	-2.1254	0.7796
-0.4079	0.4925	-0.3499	0.3843	-0.3172	-0.8239	1.0501	-2.1163	0.7705
-0.4157	0.3195	-0.352	0.3848	-0.3131	-0.8857	1.0472	-2.1254	0.7717
-0.4125	0.3544	-0.352	0.3806	-0.3169	-0.8944	1.052	-2.1197	0.7672
-0.4837	-0.9253	0.362	2.07	-0.3725	0.1476	1.5164	0.2915	-0.4526
-0.4854	-0.9202	0.3649	1.8488	-0.3723	0.161	1.508	0.3031	-0.4761
-0.0854	-0.1189	0.1158	-0.0658	1.0306	-3.8723	-2.1083	0.0265	1.7123
-0.0632	0.4715	0.2142	-0.0414	1.0644	-4.0285	-1.975	-0.1186	1.6803
-0.3499	-0.5587	-0.5642	-0.0115	-0.129	0.1737	-0.1138	0.3115	0.1319
-0.5769	0.9074	-0.4872	1.518	1.7837	-0.0459	-1.565	-0.5666	0.1465
